19 18
7 7 7 7 7 7 7 7 0 0 0 0 7 7 7 7 7 7
7 7 7 7 7 7 0 0 1 1 1 1 0 0 7 7 7 7
7 7 7 7 7 0 1 1 1 1 1 1 1 1 0 7 7 7
7 7 7 7 0 1 1 1 1 1 1 1 1 1 1 0 7 7
7 7 7 7 0 1 1 1 0 0 0 0 0 0 0 0 7 7
7 0 1 1 0 1 1 1 1 1 1 1 1 1 1 0 7 7
7 7 0 1 0 1 1 0 6 9 9 9 9 9 9 9 0 7
7 7 7 0 0 1 1 1 0 0 0 0 0 1 1 0 7 7
7 0 1 1 0 1 1 1 0 0 0 0 0 0 0 0 7 7
7 0 1 1 0 1 1 1 1 1 1 1 1 1 1 0 7 7
7 0 1 1 0 1 1 1 1 1 1 1 1 1 1 0 7 7
7 0 1 1 0 1 1 1 1 1 1 1 1 1 1 0 7 7
7 7 7 0 0 1 1 0 9 9 9 9 9 9 9 9 0 7
7 0 1 1 0 1 1 1 1 1 1 1 1 1 1 0 7 7
7 7 0 1 0 1 1 1 1 1 1 1 1 1 1 0 7 7
7 0 1 1 0 1 1 0 6 6 6 6 6 6 6 9 0 7
7 7 7 7 0 1 1 1 0 7 7 7 0 1 1 0 7 7
7 7 7 7 0 1 1 1 0 7 7 7 0 1 1 0 7 7
7 7 7 7 0 0 0 0 0 7 7 7 0 0 0 0 7 7

19 18
7 7 7 7 7 7 7 7 0 0 0 0 7 7 7 7 7 7
7 7 7 7 7 7 0 0 1 1 1 1 0 0 7 7 7 7
7 7 7 7 7 0 1 1 1 1 1 1 1 1 0 7 7 7
7 7 7 7 0 1 1 1 1 1 1 1 1 1 1 0 7 7
7 7 7 7 0 1 1 1 0 0 0 0 0 0 0 0 7 7
7 7 7 0 0 1 1 0 9 9 9 9 9 9 9 9 0 7
7 7 0 1 0 1 1 0 6 9 9 9 9 9 9 9 0 7
7 0 1 1 0 1 1 0 6 6 6 6 6 6 6 9 0 7
7 0 1 1 0 1 1 1 0 0 0 0 0 0 0 0 7 7
7 0 1 1 0 1 1 1 1 1 1 1 1 1 1 0 7 7
7 0 1 1 0 1 1 1 1 1 1 1 1 1 1 0 7 7
7 0 1 1 0 1 1 1 1 1 1 1 1 1 1 0 7 7
7 0 1 1 0 1 1 1 1 1 1 1 1 1 1 0 7 7
7 0 1 1 0 1 1 1 1 1 1 1 1 1 1 0 7 7
7 7 0 1 0 1 1 1 1 1 1 1 1 1 1 0 7 7
7 7 7 0 0 1 1 1 0 0 0 0 0 1 1 0 7 7
7 7 7 7 0 1 1 1 0 7 7 7 0 1 1 0 7 7
7 7 7 7 0 1 1 1 0 7 7 7 0 1 1 0 7 7
7 7 7 7 0 0 0 0 0 7 7 7 0 0 0 0 7 7

3